51
2
11
10
2
10
00
3
000
000
000
1
1
3
000
110
000
6
010000
110000
001010
100100
001000
100000
12
000000000000
000000000000
110000000000
001100000000
000011000000
000000100000
000000100000
000000100000
000000011100
000000000011
000000000011
000000000011
1
0
2
00
00
2
11
11
2
10
11
2
01
11
2
11
01
2
11
10
2
01
00
2
10
00
2
00
10
2
00
01
2
11
00
2
10
10
2
10
01
2
01
10
2
01
01
2
00
11
4
0000
1110
1110
0000
4
1110
0000
0000
0000
4
1000
1000
1000
0000
4
1000
1000
1000
1000
4
1100
0001
0001
0001
4
1000
1000
0000
0111
4
1111
1111
0000
0000
4
1111
1111
1111
0000

4
1000
1000
1000
0000
4
1000
1000
1000
0100
4
1000
1000
1000
0110
4
1000
1000
1000
0111
4
1100
1100
1100
0000
4
1100
1100
1100
0010
4
1100
1100
1100
0011
4
1110
1110
1110
0000
4
1110
1110
1110
0001
4
1000
1000
0000
0000
4
1000
1000
0100
0000
4
1000
1000
0100
0010
4
1000
1000
0100
0011
4
1000
1000
0110
0000
4
1000
1000
0110
0001
4
1000
1000
0111
0000
4
1000
1000
0100
0100
4
1000
1000
0110
0110
4
1000
1000
0111
0111
