5
12 5
(()(((()))))
1 1 1 1 1 1 1 1 1 1 1 1
1 1 1 1 1 1 1 1 1 1 1 1
1 1 1 1 1 1 1 1 1 1 1 1
7 4 4 12 5
12 11 10 1 6
20 3
(((())()))()(())(())
378304 148687 323709 321170 287353 596846 514528 92543 605937 628424 904913 43798 870255 270130 300546 482656 828324 68191 461937 116787
987050 434907 586501 765782 408162 47984 847121 693945 412181 59108 476808 766919 280466 537843 551070 733809 448656 294526 729827 596949
978889 998689 665835 960515 966806 8097 155907 257660 752156 850035 953170 50315 201265 818600 846547 319125 276160 343923 27628 869142
17 16 9
6 4 1
20 3
(((())(())()())()())
791791 3016 662441 24281 414172 615324 859344 990308 158873 516272 780962 57909 750416 44966 970876 709681 522695 512507 100514 532544
214678 745742 315746 42456 82523 776693 115316 74695 487224 346046 225784 176251 531562 904311 897120 169937 366047 850998 110263 196062
637893 419485 710407 308979 154295 973838 128139 43641 885810 660414 273426 57806 494511 476247 468446 477297 260113 828454 615999 43612
1 15 16
3 15 18
20 3
()()((())())(()(()))
888926 976792 244374 786575 614645 496118 333914 111801 95895 970343 467657 1316 592241 768288 871941 231734 476476 742003 171464 112385
868307 237214 67392 823770 901291 157433 858877 846187 883723 457483 427005 893898 388395 465890 687538 779611 771298 48945 618489 612263
402072 356473 313500 663545 521418 299028 473053 350725 56170 669828 174118 564007 905074 366322 664329 378298 73252 124384 633991 997615
12 13 11
14 18 10
20 3
()()()(()()(()()))()
600107 434692 94066 469585 454743 423988 552195 653310 632499 618704 662191 477079 180522 961024 671486 587754 655743 906947 356042 953056
62012 679720 448581 619644 798589 13571 361096 71728 319073 698750 334987 646530 325037 335591 18127 528735 159644 753443 91955 21300
647855 511443 246328 848815 376588 199463 774204 694243 485622 807447 221396 538474 94815 245885 203327 514961 555980 550754 752424 141042
9 6 1
6 19 5
