Case #1: POSSIBLE
1 3 2
2 1 3
3 2 1
Case #2: IMPOSSIBLE
Case #3: IMPOSSIBLE
Case #4: POSSIBLE
2 1 3
1 3 2
3 2 1
Case #5: IMPOSSIBLE
Case #6: POSSIBLE
2 1 8 7 6 5 4 3
1 2 6 8 7 3 5 4
7 5 1 4 8 6 3 2
3 8 4 1 2 7 6 5
4 3 5 2 1 8 7 6
8 6 3 5 4 1 2 7
5 4 7 6 3 2 1 8
6 7 2 3 5 4 8 1
Case #7: IMPOSSIBLE
Case #8: POSSIBLE
1 2
2 1
Case #9: IMPOSSIBLE
Case #10: POSSIBLE
2 1
1 2
Case #11: POSSIBLE
2 1 50 49 48 47 46 45 44 43 42 41 40 39 38 37 36 35 34 33 32 31 30 29 28 27 26 25 24 23 22 21 20 19 18 17 16 15 14 13 12 11 10 9 8 7 6 5 4 3
1 2 48 50 49 45 47 46 42 44 43 39 41 40 36 38 37 33 35 34 30 32 31 27 29 28 24 26 25 21 23 22 18 20 19 15 17 16 12 14 13 9 11 10 6 8 7 3 5 4
49 47 1 46 50 48 41 43 45 40 44 42 35 37 39 34 38 36 29 31 33 28 32 30 23 25 27 22 26 24 17 19 21 16 20 18 11 13 15 10 14 12 5 7 9 4 8 6 3 2
46 49 47 1 40 50 48 42 43 45 33 44 34 41 37 39 28 38 36 35 31 29 22 32 30 24 25 27 18 26 19 23 13 21 12 20 14 17 9 16 15 10 8 4 11 3 2 7 6 5
48 40 45 44 1 46 49 50 47 36 37 38 42 43 34 41 39 24 30 27 19 35 33 31 26 32 28 20 29 25 13 17 22 23 21 12 18 14 11 5 16 15 3 2 10 9 4 8 7 6
39 43 35 48 47 1 42 49 41 50 45 37 46 34 44 40 33 31 23 38 36 30 24 25 32 29 21 17 2 28 27 26 16 18 15 19 22 10 20 11 3 4 14 6 12 13 5 9 8 7
44 50 43 47 46 49 1 48 40 38 39 33 37 45 29 42 30 41 31 25 35 36 26 34 27 21 15 23 20 32 18 16 28 22 14 24 3 19 4 17 5 2 7 12 13 6 11 10 9 8
47 48 38 45 44 42 50 1 49 41 46 40 32 33 21 36 43 39 37 29 15 34 35 28 6 22 20 4 30 31 26 25 24 27 8 14 19 23 16 12 2 18 13 17 7 5 3 11 10 9
50 46 39 37 38 41 45 40 1 32 49 43 33 47 42 31 44 26 18 48 25 20 34 16 24 36 29 35 28 17 21 27 5 30 7 22 23 4 8 15 19 6 9 3 14 2 13 12 11 10
45 44 49 41 42 32 43 37 48 1 38 31 20 35 27 23 47 46 21 50 28 40 39 22 33 19 16 36 34 5 7 29 30 26 6 4 2 24 25 3 8 14 18 15 17 10 9 13 12 11
43 41 46 31 45 40 38 29 50 48 1 36 49 44 26 33 27 47 39 5 34 42 37 23 25 35 30 18 19 10 32 3 7 8 4 9 24 22 28 21 6 17 2 20 16 11 15 14 13 12
40 45 42 38 43 37 44 47 35 29 48 1 50 46 28 49 34 30 41 39 26 33 2 36 3 4 11 32 23 6 9 10 8 12 24 27 31 25 19 22 20 7 17 21 5 16 18 15 14 13
34 42 41 43 36 44 39 38 46 49 47 17 1 27 24 25 50 40 45 30 2 48 29 11 8 23 31 37 3 13 35 33 26 6 32 28 7 18 5 9 22 21 4 19 20 12 10 16 15 14
41 37 31 42 25 43 7 27 29 47 50 49 48 1 46 22 45 34 24 3 44 38 4 40 39 11 8 30 36 35 33 28 6 32 26 10 5 12 18 23 9 20 21 13 2 19 14 17 16 15
35 39 44 40 31 38 30 41 36 46 34 47 3 25 1 48 8 13 43 37 9 50 42 45 19 7 14 2 49 15 5 4 32 33 27 29 28 20 10 26 11 23 6 24 21 22 12 18 17 16
42 34 32 39 37 33 40 44 30 4 41 3 47 36 50 1 48 29 25 49 38 6 10 46 2 43 7 45 35 9 11 8 15 31 23 13 12 28 26 27 24 5 20 16 22 14 21 19 18 17
23 38 37 36 41 26 33 24 39 42 31 7 28 48 45 46 1 50 13 22 4 47 40 43 44 49 10 29 5 16 2 9 35 14 34 32 8 11 30 6 21 27 12 25 3 15 17 20 19 18
32 36 40 34 30 39 2 35 6 37 17 46 26 4 10 47 13 1 50 11 45 49 14 48 43 8 44 12 7 29 3 15 42 9 33 5 41 38 22 28 25 24 31 18 27 23 16 21 20 19
37 5 36 14 39 35 34 32 38 33 40 27 45 29 6 50 11 4 1 16 47 12 19 49 15 13 46 48 9 42 43 44 41 7 10 3 25 31 2 18 30 8 23 26 28 17 24 22 21 20
38 14 3 17 18 34 37 39 33 35 36 50 44 19 43 45 16 9 8 1 10 46 11 47 49 31 48 6 4 7 12 32 40 13 28 25 42 2 29 30 27 41 15 5 26 24 20 23 22 21
11 26 33 18 32 4 35 36 37 34 14 48 10 9 47 8 49 42 44 13 1 2 43 6 38 5 50 28 41 12 29 20 46 40 25 45 39 7 27 31 17 3 16 30 15 21 19 24 23 22
30 12 10 33 35 21 36 34 31 17 20 18 15 50 9 5 3 48 26 47 6 1 46 13 16 44 42 49 8 11 41 14 27 37 43 2 45 32 39 7 40 38 19 29 4 28 22 25 24 23
36 30 34 2 33 6 20 15 19 10 35 45 43 49 3 44 14 7 9 42 12 11 1 41 5 40 47 8 38 50 48 39 17 4 16 46 21 27 13 32 28 37 22 31 23 18 29 26 25 24
16 33 2 3 34 36 21 14 32 7 28 9 39 17 48 43 10 5 47 44 41 18 50 1 45 15 49 11 12 38 46 13 37 35 31 6 29 30 24 40 4 22 42 8 19 20 23 27 26 25
25 24 21 35 15 5 6 20 10 39 23 34 12 16 49 2 40 44 46 17 13 19 48 9 1 45 43 50 33 18 14 41 47 11 22 8 4 3 42 38 7 29 37 32 36 31 30 28 27 26
12 3 24 7 10 13 16 18 17 9 2 6 19 42 41 14 22 49 4 23 48 21 47 8 11 1 45 15 46 40 50 43 34 44 38 39 33 5 32 20 36 31 26 35 37 30 25 29 28 27
20 21 8 32 26 24 27 33 2 14 9 35 16 6 12 15 46 19 22 45 50 3 7 4 17 38 1 47 39 41 49 11 10 43 5 42 44 48 40 36 18 13 25 23 31 34 37 30 29 28
14 22 9 5 8 16 3 21 34 15 13 23 7 38 2 12 42 28 10 26 49 45 20 50 48 6 41 1 11 47 25 37 19 17 44 40 43 46 35 4 39 32 24 36 18 33 27 31 30 29
18 35 7 16 20 23 14 19 4 6 10 13 38 8 15 9 41 45 11 43 37 25 12 21 46 48 22 42 1 44 34 2 50 5 17 49 47 40 3 39 29 26 36 33 24 27 28 32 31 30
29 23 22 8 13 27 17 30 11 18 6 19 36 7 4 3 9 43 12 14 20 16 49 42 50 26 39 5 15 1 24 48 2 47 46 21 40 41 44 45 10 35 28 38 25 37 34 33 32 31
24 25 4 21 23 8 10 2 16 3 12 22 29 18 5 28 19 37 17 20 46 43 45 44 35 39 13 40 48 14 1 49 9 15 36 7 6 50 31 41 47 42 27 11 30 38 26 34 33 32
28 18 13 9 21 3 15 6 20 26 4 16 5 24 7 30 29 27 14 41 43 8 17 19 40 50 12 39 22 37 36 1 44 48 47 11 10 49 45 2 23 46 38 42 32 25 31 35 34 33
19 28 23 22 24 14 32 25 12 20 3 8 9 11 13 17 5 15 16 18 42 7 44 39 10 46 40 21 47 48 4 31 1 50 29 30 27 33 6 49 43 36 41 37 45 26 38 2 35 34
3 6 27 25 28 9 19 26 7 11 16 12 13 21 8 24 23 22 49 46 17 44 15 10 18 14 5 31 42 2 45 50 48 1 40 34 20 37 41 47 38 30 29 43 39 32 33 4 36 35
4 7 12 29 2 20 23 28 24 8 27 11 31 22 14 18 25 6 48 19 16 13 41 3 47 9 17 10 43 45 44 5 49 42 1 26 15 21 46 35 50 34 30 40 33 39 32 38 37 36
26 15 14 4 16 28 24 23 18 13 5 21 22 30 35 19 2 3 20 7 11 17 25 12 31 42 32 43 50 39 6 47 45 10 49 1 9 34 36 8 44 48 33 27 29 41 46 40 38 37
5 16 20 12 27 18 8 11 15 22 19 24 30 13 17 35 6 2 42 21 7 4 36 14 37 10 9 33 31 49 47 46 3 41 48 50 1 45 23 29 26 25 32 28 34 40 44 43 39 38
21 11 15 30 9 29 4 3 14 31 25 2 24 23 22 27 26 32 28 6 18 5 8 17 42 16 34 46 13 20 10 7 12 49 50 47 48 1 38 43 33 19 35 45 44 36 41 37 40 39
8 17 16 15 7 11 25 9 5 21 18 4 6 12 19 29 31 10 32 24 22 27 38 37 20 47 33 3 14 43 30 45 23 46 2 36 13 26 1 34 48 28 50 49 35 44 39 42 41 40
17 19 30 10 12 7 26 31 9 28 21 5 8 32 18 11 20 16 2 15 27 22 6 38 4 33 23 13 37 46 40 24 29 25 3 48 34 36 49 1 45 50 39 14 47 43 35 44 42 41
15 9 6 19 4 10 11 8 21 25 22 26 14 31 20 13 32 12 5 2 3 37 23 24 41 17 18 16 45 27 28 30 33 34 39 38 50 35 7 44 1 49 46 47 48 29 40 36 43 42
22 20 18 26 29 17 12 10 13 19 24 14 27 5 25 4 21 11 15 32 39 23 28 33 7 2 36 9 6 3 37 38 31 45 35 16 30 8 34 42 49 1 48 41 40 47 50 46 44 43
31 27 17 11 3 2 13 4 25 16 7 29 23 20 33 26 15 18 6 8 40 14 21 5 12 30 37 34 10 19 38 35 43 28 9 41 49 42 47 24 32 39 1 22 46 48 36 50 45 44
33 29 28 6 17 19 18 7 23 30 8 32 4 2 11 21 24 20 40 36 5 10 13 15 9 41 3 44 27 22 16 12 14 39 37 31 26 47 50 25 35 43 34 1 38 49 42 48 46 45
13 31 19 20 5 15 9 12 22 27 26 10 11 3 30 6 4 14 7 28 8 39 16 35 36 37 2 38 17 33 42 18 25 24 41 23 32 29 21 50 34 40 44 48 1 45 43 49 47 46
9 8 5 27 22 30 31 16 28 12 15 25 2 14 23 10 7 17 38 4 21 24 18 26 13 3 6 19 32 34 20 42 36 29 11 35 46 39 43 33 37 44 40 50 49 1 45 41 48 47
6 13 25 24 11 22 28 5 26 2 29 20 18 10 31 32 35 21 27 40 23 15 3 7 14 12 4 41 16 30 8 34 39 36 42 37 38 9 17 19 46 33 47 44 43 50 1 45 49 48
7 32 26 13 14 25 22 17 8 5 11 28 21 15 40 16 12 23 19 10 29 9 27 18 34 20 35 24 44 4 31 36 38 3 30 33 37 6 48 46 41 45 43 39 50 42 47 1 2 49
10 4 29 23 6 31 5 13 27 24 32 30 17 28 16 20 18 25 3 12 14 26 9 2 22 34 19 7 21 8 15 40 11 38 45 44 36 43 33 37 42 47 49 46 41 35 48 39 1 50
27 10 11 28 19 12 29 22 3 23 30 15 25 26 32 7 17 8 33 9 24 41 5 20 21 18 38 14 40 36 39 6 4 2 13 43 35 44 37 48 31 16 45 34 42 46 49 47 50 1
